76627785

50701077

52683380

80003999

50328996

95577821

58991191
58991001
80003990
58990001
#
11 230008
12 240003
21 230101
22 241407
23 241106
31 240508 
32 240705
41 231104
42 230506
51 231507
52 242005
53 243506
61 232802
#
!2420 2400 2411 2435
(:202 2420 2928 2500 040 2200 2300 15 04 08 00
123 11111 1 06 30 2301 11115 'Вихрев:)

жили-были

(:201 2400 2928 2500 040 2200 2300 15 04 11 30 01/03 1
123 11111 1 06 30 2301 11115 'Вихрев:)
(:205 2400 2929 2500 040 2200 2300 15 04 11 30 01/03 1
23 11112 1 10 00 2401 11116 'Петров:)
(:200 2400 2929 2500 040 2200 2411 15 04 11 40 01/03
123 11112 1 10 00 2401 11116 'Петров:)
(:201 2411 2929 2500 040 2200 2400 15 04 17 50 01/03 2
123 11112 1 10 00 2401 11116 'Петров:)
(:203 2405 3506 2400 002 2405 45231568 21 04 20 00 01/01:)
(:205 2411 2929 2500 040 2200 2200 15 04 18 50 
123 11112 1 16 00 2401 11117 'Шишков:)
(:200 2411 2929 2500 040 2200 2200 15 04 18 55 01/03
123 11112 1 16 00 2401 11117 'Шишков:)
(:202 2435 2929 2500 040 2200 2411 15 04 22 55
123 11112 1 16 00 2401 11117 'Гребенев:)
!2420 2400 2405 2414 2328 2305 2300
(:202 2420 2930 2500 042 2300 2500 20 04 01 30
123 11112 1 23 00 2401 11117 'Петров:)
(:201 2400 2930 2500 042 2300 2500 20 04 04 30 01/02 1
123 11112 1 23 00 2401 11117 'Петров:)
(:205 2400 2930 2500 042 2300 2414 20 04 05 30 
128 11113 1 03 50 2401 11118 'Гребенев:)
(:200 2400 2930 2500 042 2300 2414 20 04 05 40 01/02
128 11113 1 03 50 2401 11118 'Гребенев:)
(:202 2400 2930 2500 042 2300 2400+2414 20 04 08 40 
128 11113 1 03 50 2401 11118 'Гребенев:)
(:201 2414 2930 2500 042 2300 2400 20 04 11 00 01/01 2
128 11113 1 03 50 2401 11118 'Гребенев:)
(:205 2414 2930 2500 042 2300 2300 20 04 12 00 
128 11113 1 10 30 2402 11119 'Шумов:)
(:200 2414 2930 2500 042 2300 2300 20 04 12 10 01/01
128 11113 1 10 30 2402 11119 'Шумов:)
(:202 2328 2930 2500 042 2300 2414 20 04 13 10
128 11113 1 10 30 2402 11119 'Шумов:)
(:202 2305 2930 2500 042 2300 2414+2300 20 04 15 10
128 11113 1 10 30 2402 11119 'Шумов:)
(:201 2300 2930 2500 042 2300 2414 20 04 17 10 01/01 0
128 11113 1 10 30 2402 11119 'Шумов:)
(:203 2300 2930 2500 042 2300 62359874 20 04 19 00 01/01:)
!2300 2305 2328 2414 2405 2400 2411 2435
(:205 2300 2901 2300 051 2200 2414 18 04 02 00 
128 11115 1 00 30 2301 11120 'Петров:)
(:200 2300 2901 2300 051 2200 2414 18 04 02 10 01/03 
128 11115 1 00 30 2301 11120 'Петров:)
(:202 2305 2901 2300 051 2200 2300+2414 18 04 05 10 
128 11115 1 00 30 2301 11120 'Петров:)
(:202 2328 2901 2300 051 2200 2300 18 04 06 10 
128 11115 1 00 30 2301 11120 'Петров:)
(:201 2414 2901 2300 051 2200 2300 18 04 08 10 01/01 1
128 11115 1 00 30 2301 11120 'Петров:)
(:205 2414 2901 2300 051 2200 2400 18 04 09 00
145 11116 1 07 30 2401 11121 'Федоров:)
(:200 2414 2901 2300 051 2200 2400 18 04 09 20 01/01
145 11116 1 07 30 2401 11121 'Федоров:)
(:202 2405 2901 2300 051 2200 2414+2400 18 04 11 20
145 11116 1 07 30 2401 11121 'Федоров:)
(:201 2400 2901 2300 051 2200 2414 18 04 13 20 01/01 1
145 11116 1 07 30 2401 11121 'Федоров:)
(:205 2400 2901 2300 051 2200 2411 18 04 14 20 
123 11117 1 13 00 2401 11122 'Трифонов:)
(:200 2400 2901 2300 051 2200 2411 18 04 14 30 01/01
123 11117 1 13 00 2401 11122 'Трифонов:)
(:201 2411 2901 2300 051 2200 2400 18 04 19 30 01/01 2
123 11117 1 13 00 2401 11122 'Трифонов:)
(:205 2411 2901 2300 051 2200 2200 18 04 20 30 
123 11117 1 19 00 2401 11123 'Гребенев:)
(:200 2411 2901 2300 051 2200 2200 18 04 20 40 
123 11117 1 19 00 2401 11123 'Гребенев:)
(:202 2435 2901 2300 051 2200 2411 18 04 22 40 
123 11117 1 19 00 2401 11123 'Гребенев:)
!2400 2405
(:205 2400 3506 2400 002 2405 2405 21 04 15 30 
123 11117 1 14 00 2401 11123 'Гребенев:)
(:200 2400 3506 2400 002 2405 2405 21 04 15 40 01/01
123 11117 1 14 00 2401 11123 'Гребенев:)
(:201 2405 3506 2400 002 2405 2400 21 04 18 00 01/01 0
123 11117 1 14 00 2401 11123 'Гребенев:)
(:203 2405 3506 2400 002 2405 45231568 21 04 20 00 01/01:)
!2405 2407
(:205 2405 3507 2405 003 2407 2407 25 04 15 30 
123 11117 1 14 00 2401 11123 'Иванов:)
(:200 2405 3507 2405 003 2407 2405 25 04 15 40 01/01
123 11117 1 14 00 2401 11123 'Иванов:)
(:201 2405+2407 3507 2405 003 2407 2400 25 04 18 00 01/01 0
123 11117 1 14 00 2401 11123 'Шумов:)
(:203 2405+4207 3507 2405 003 2407 25687458 25 04 20 00 01/01:)
